user_id,ground_truth,prediction,reason
292,2513,"[9, 6, 3, 5, 7, 2, 4, 1]","The prediction is based on the activity pattern of this user that was learned from their historical stays and the context stays. The temporal information (i.e., start_time and day_of_week) of the target stay also played an important role in the prediction."
292,451,"[2513, 2512, 2511, 2470, 2469]",based on the user's activity pattern and recent activities in context
292,420,"[14, 6, 9, 10, 15, 12, 13]",The user tends to visit places with similar IDs on weekends and at nighttime.
292,2513,"[5, 12, 9, 4, 7]","The user tends to visit places during certain times of the day and on specific days, with recent activities indicating a higher likelihood of visiting place ID 5."
292,451,"[1670, 1681, 1695, 1702, 1714, 1727, 1736, 1748, 1763, 1777]","The user's activity pattern suggests frequent visits to places on weekends, with a preference for certain places during the afternoon."
292,1007,"[4, 6, 7, 9, 11, 12, 3, 1]","The user has a tendency to visit certain places during specific times and days, based on their historical activity pattern. The recent context stays show that the user visited places with IDs 4, 6, and 7 in the evening, which suggests that they might be heading towards one of these places now."
292,2672,"[6, 12, 11, 9, 5, 15, 14]","Based on the user's historical stays and recent context, I predict that they will visit a familiar place with similar temporal patterns"
292,420,"[14, 10, 9, 7, 6, 5]",The user has a regular pattern of staying at place 14 on Sundays and place 10 during weekdays.
292,1401,"[2, 12, 3, 11, 10]","Based on the user's activity pattern and recent context, I predicted the top 5 most likely places the user might go to next: the workplace (place ID 2), the weekend getaway spot (place ID 12), the weekly routine location (place ID 3), the Friday evening hangout spot (place ID 11) and the daily commute destination (place ID 10)."
292,2322,"[7, 4, 12, 9, 11, 10, 14]","The user tends to visit the same places during similar times and days, and recent context shows a preference for Tuesday afternoons."
292,2322,"[1401, 2322, 420, 1670, 1684, 1735, 1743, 1754, 1768, 1779]","Based on the user's historical stays and recent activities in the context, I predict that they will likely visit a place with similar characteristics to their previous destinations, taking into account temporal information."
292,2672,"[420, 1401, 2322, 1670, 1683, 1704, 1699, 1715, 1726, 1737]",based on the user's historical activity pattern and recent context stays
