user_id,ground_truth,prediction,reason
456,758,"[14, 15, 5, 11, 9, 3, 2, 8, 6, 1]","The prediction is based on the user's activity pattern and recent context. The target stay time is close to midnight on Sunday, which matches with a similar stay in the history and context. The places visited during this time are also repeated in both history and context."
